I1001000000000000001000001100100000000100000000000
00010110000000000000000000000010000000000000000001
00000000000000000000000000000000000000000000000000
0000X101000011000000000000100000000000001100000010
00000000000000000000100010000001100001000000000001
00000010000000010000000000000010000100000000000000
00000000001000000000000000000000010000010101000010
10000000000000000000001100000000000000000000000101
00000000110010000000000000000100000110000000000010
00000000000000000000000000010001000000000000000000
00001010100000010000100000000000000001000000001000
10000000000000000000000000000001000000000100000000
10000000010000000000000000001100000001000000000001
00000000000010000000000000010000010000100010000001
00000010000000000110000000000000000101100000000000
00000000010101000000010011000000000100000000001010
00000000000000001000000001000000000000000000100000
00001000000000000000101000100000000000000000000001
00000000001000001000001010000001001001000000000000
00000000000000100000000000000000000000000000000000
00000000010001100000000010001000001100001000000000
00000000001001000100000000000000000000000000010000
00000000000000001001000000000000000010000100010000
10000000000000000001010000000000110000000001000000
00000000000000000000100000100000000000000001000000
00000000000000000000000000000000000000000000000000
00000000000010000000000000000000000000000000000000
00000000000000000010000100000000000010000000001010
00000000010000001000000001100000000000000000000000
00010000000000100000000100000000000000000000000100
00000000000000010000000000000100000010000000000000
00000010001000000000000000000000000010000000000000
00000000000001000001000000000000001100000000000010
00000000000000000000000000000000000000000000000000
00000000000000010000000000001010000001000000000000
10110010000001000100000001000000000000001001000000
00000000100000000000000100000010000000000010000001
01000000000000000000000000000000100000000000100000
00000011000000000000100000000010000000000000000000
00000000000000000000000000000000000000010000000000
00000001000000000000000000001100000000000000000000
00000100000000011000000000100000000010000000000000
00000001000100000000000000000000000100000000000000
00000000000000000000000000000000000000000000100000
00000000000000000000000000000000000000000000010000
00000000000000000000000000000010000000000000000000
00000000000000000000000000000000000000000000000000
00000000000000000000000100000000001000000000000010
10000000000000000100000000000000000000001100000000
00000000000000000100000000000000010000000000000000
